2 1 0 0 0
0
1 113 114 15.4
2 113 114 16.5
3 113 115 31.8
4 113 115 30.4
5 113 116 16.2
6 113 116 17.8
7 113 117 14.6
8 113 117 18.8
9 113 118 20.2
10 113 118 23.4
11 113 119 14.0
12 113 119 16.6
13 113 120 15.2
14 113 120 17.2
15 114 115 21.0
16 114 115 23.0
17 114 116 11.4
18 114 116 13.0
19 114 117 12.2
20 114 117 13.6
21 114 118 14.2
22 114 118 14.0
23 114 119 12.2
24 114 119  9.2
25 114 120 10.0
26 114 120 11.6
27 115 116 16.8
28 115 116 16.3
29 115 117 15.2
30 115 117 15.4
31 115 118 18.6
32 115 118 14.8
33 115 119 13.6
34 115 119 16.2
35 115 120 17.0
36 115 120 18.2
37 116 117 15.2
38 116 117 13.8
39 116 118 22.2
40 116 118 17.0
41 116 119 13.8
42 116 119 14.4
43 116 120 20.8
44 116 120 20.8
45 117 118 14.3
46 117 118 17.3
47 117 119 15.6
48 117 119 15.6
49 117 120 20.0
50 117 120 17.4
51 118 119 15.6
52 118 119 11.0
53 118 120 17.0
54 118 120 12.6
55 119 120 13.0
56 119 120 9.8
57 114 113 14.4
58 114 113 16.2
59 115 113 27.2
60 115 113 30.8
61 115 114 14.8
62 115 114 14.6
63 116 113 17.2
64 116 113 27.0
65 116 114 18.6
66 116 114 18.6
67 116 115 24.6
68 116 115 25.4
69 117 113 18.3
70 117 113 20.2
71 117 114 15.2
72 117 114 15.3
73 117 115 19.2
74 117 115 20.0
75 117 116 12.4
76 117 116 14.2
77 118 113 16.2
78 118 113 16.8
79 118 114 17.0
80 118 114 15.2
81 118 115 29.8
82 118 115 28.4
83 118 116 16.8
84 118 116 14.8
85 118 117 18.0
86 118 117 16.0
87 119 113 18.6
88 119 113 14.4
89 119 114 14.4
90 119 114 14.8
91 119 115 12.8
92 119 115 14.2
93 119 116 12.6
94 119 116 12.2
95 119 117 10.4
96 119 117 12.2
97 119 118  9.0
98 119 118 10.2
99 120 113 16.4
100 120 113 16.0
101 120 114 10.8
102 120 114 13.2
103 120 115 13.0
104 120 115 14.4
105 120 116  9.6
106 120 116 11.2
107 120 117 13.4
108 120 117 20.0
109 120 118 11.8
110 120 118 12.8
111 120 119 13.0
112 120 119 9.8
113 0 0 -99.
114 0 0 -99.
115 0 0 -99.
116 0 0 -99.
117 0 0 -99.
118 0 0 -99.
119 0 0 -99.
120 0 0 -99.
0
